sillhouette 2.3010299956639813 1 114 1 13.995074649630242 
as350ba 2.3010299956639813 1 49 1 32.59343306420894 
dogs 2.3010299956639813 1 180 1 5.294739040945381 
store 2.3010299956639813 1 37 1 18.095993664559508 
college 2.3010299956639813 1 110 1 17.69805365588747 
parts 2.3010299956639813 1 59 1 45.68455542285614 
blackwinged 2.3010299956639813 1 176 1 37.06317328661767 
champions 2.3010299956639813 1 121 1 16.40331461494209 
roll 2.0 2 16 1 10.886499075633532 15 1 12.181238116578912 
2011 2.3010299956639813 1 190 1 20.157613063508734 
rubins 2.3010299956639813 1 59 1 45.68455542285614 
2010 2.3010299956639813 1 117 1 28.28753173777823 
jet 2.0 2 69 1 25.17895616378152 45 1 16.70921594137279 
black 1.8239087409443189 3 178 1 21.488954328113167 193 1 26.625337118556644 192 1 21.16509648597521 
goddess 2.3010299956639813 1 98 1 25.178956163781525 
shows 2.3010299956639813 1 192 1 21.16509648597521 
smoke 2.3010299956639813 1 88 1 7.414476900427411 
1 2.3010299956639813 1 172 1 28.593433064208934 
5 2.3010299956639813 1 49 1 32.59343306420894 
stadium 2.0 2 124 1 11.248975308791358 123 1 32.42793147257289 
sneeze 2.3010299956639813 1 184 1 34.547669332054916 
salmon 2.3010299956639813 1 22 1 18.770716198469675 
air 2.0 2 136 1 5.813836533051329 67 1 35.76843424567228 
alex 2.3010299956639813 1 126 1 10.589478081890762 
view 2.3010299956639813 1 73 1 23.745552379595274 
retiring 2.3010299956639813 1 191 1 14.862874022563354 
du 2.3010299956639813 1 117 1 28.28753173777823 
finals 2.3010299956639813 1 124 1 11.248975308791358 
truck 2.3010299956639813 1 32 1 7.10857557399671 
made 2.3010299956639813 1 23 1 23.133192431627503 
elephants 1.8239087409443189 3 166 1 8.621382136238472 165 1 17.91612117718385 164 1 19.210860218129234 
checkmate 2.0 2 93 1 23.275812157186543 90 1 6.119737859482031 
rarest 2.3010299956639813 1 172 1 28.593433064208934 
di 2.0 2 1 1 26.003954982318174 7 1 41.88817210515432 
chiefs 2.3010299956639813 1 125 1 12.543714349736739 
zucchine 2.3010299956639813 1 7 1 41.88817210515432 
cutest 2.3010299956639813 1 184 1 34.547669332054916 
lotherton 2.3010299956639813 1 175 1 18.003954982318174 
schaeffers 2.3010299956639813 1 92 1 12.709215941372793 
lizard 2.3010299956639813 1 95 1 12.40331461494209 
orcs 2.3010299956639813 1 149 1 11.248975308791357 
bison 2.3010299956639813 1 18 1 10.589478081890762 
sawasdee 2.3010299956639813 1 163 1 12.908637754717377 
morning 2.3010299956639813 1 183 1 23.298694023263554 
boat 1.6020599913279623 5 70 1 18.450813338649894 71 1 7.861335256759132 76 1 7.861335256759132 72 1 7.861335256759132 73 1 23.745552379595274 
merluzzo 2.3010299956639813 1 1 1 26.003954982318174 
bird 1.4559319556497243 7 171 1 12.709215941372793 170 1 11.414476900427411 169 1 8.438897532308646 168 1 12.709215941372793 175 1 18.003954982318174 174 1 22.003954982318174 173 1 12.709215941372793 
yes 2.3010299956639813 1 6 1 18.003954982318174 
red 2.3010299956639813 1 152 1 10.500397789405529 
tile 2.3010299956639813 1 109 1 23.91119582681409 
base 2.3010299956639813 1 64 1 17.916121177183854 
em 2.3010299956639813 1 194 1 16.709215941372793 
lego 2.0 2 133 1 15.10857557399671 31 1 7.506515582668747 
youthlink 2.3010299956639813 2 116 2 28.287531737778234 
britain 2.3010299956639813 1 121 1 16.40331461494209 
studio 2.3010299956639813 2 135 2 62.76122694250513 
player 2.0 2 133 1 15.10857557399671 135 1 62.76122694250513 
toon 2.3010299956639813 1 83 1 23.49811583660814 
hal 2.3010299956639813 1 105 1 16.40331461494209 
plays 2.3010299956639813 1 89 1 37.06317328661767 
breaded 2.3010299956639813 1 22 1 18.770716198469675 
bikini 2.3010299956639813 1 98 1 25.178956163781525 
close 2.3010299956639813 1 200 1 18.602455252479636 
pole 2.3010299956639813 1 79 1 22.097359293762764 
010 2.3010299956639813 1 79 1 22.097359293762764 
occhipiuverdi 2.3010299956639813 1 7 1 41.88817210515432 
planes 2.3010299956639813 1 65 1 14.58947808189076 
gadsden 2.3010299956639813 1 132 1 33.58227077872362 
maki 2.3010299956639813 1 17 1 12.181238116578912 
bryant 2.3010299956639813 1 120 1 25.849695569717213 
monitor 2.3010299956639813 1 95 1 12.40331461494209 
afghanistan 2.3010299956639813 1 44 1 18.003954982318174 
wheels 2.3010299956639813 1 77 1 31.20961373077832 
arkady 2.3010299956639813 1 89 1 37.06317328661767 
learn 2.3010299956639813 1 148 1 14.58947808189076 
display 2.3010299956639813 1 62 1 13.916121177183854 
sonoma 2.3010299956639813 1 190 1 20.157613063508734 
cream 2.3010299956639813 1 11 1 11.067737192212444 
portrait 2.3010299956639813 1 135 1 62.76122694250513 
amy 2.3010299956639813 1 70 1 18.450813338649894 
cn 2.3010299956639813 1 67 1 35.76843424567228 
prosciutto 2.3010299956639813 1 29 1 12.543714349736739 
serving 2.3010299956639813 1 44 1 18.003954982318174 
bmw 1.8239087409443189 3 80 1 21.53001989095585 78 1 21.53001989095585 79 1 22.097359293762764 
day 1.6989700043360187 4 152 1 10.500397789405529 187 1 15.43021342537027 114 1 13.995074649630242 107 1 12.881573725263772 
walk 2.3010299956639813 1 183 1 23.298694023263554 
tempura 2.3010299956639813 1 14 1 15.884217122836144 
mushroom 2.3010299956639813 1 5 1 12.709215941372793 
olympic 1.8239087409443189 3 100 1 9.14047962834442 112 1 23.72995771023518 109 1 23.91119582681409 
mufc 2.3010299956639813 1 123 1 32.42793147257289 
van 2.3010299956639813 1 30 1 7.248975308791358 
sunken 2.3010299956639813 1 72 1 7.861335256759132 
airplanes 2.3010299956639813 1 60 1 15.884217122836144 
steaks 2.3010299956639813 1 18 1 10.589478081890762 
reflections 2.3010299956639813 1 71 1 7.861335256759132 
today 2.3010299956639813 1 23 1 23.133192431627503 
landscape 2.3010299956639813 1 85 1 34.278597410341675 
island 2.3010299956639813 1 140 1 10.575618404084448 
seals 2.3010299956639813 1 162 1 7.613898713771997 
flying 2.3010299956639813 1 142 1 33.72267051351827 
england 2.3010299956639813 1 123 1 32.42793147257289 
sushi 1.6989700043360187 4 17 1 12.181238116578912 16 1 10.886499075633532 13 1 22.770716198469675 15 1 12.181238116578912 
ice 1.6989700043360187 4 109 1 23.91119582681409 11 1 11.067737192212444 107 1 12.881573725263772 104 1 15.289813690575624 
pilot 2.3010299956639813 1 44 1 18.003954982318174 
doyle 2.3010299956639813 1 89 1 37.06317328661767 
swim 2.3010299956639813 1 98 1 25.178956163781525 
showing 2.3010299956639813 1 129 1 23.133192431627503 
men 2.3010299956639813 1 94 1 12.709215941372793 
anniversary 2.3010299956639813 1 78 1 21.53001989095585 
snead 2.3010299956639813 1 132 1 33.58227077872362 
boats 1.8239087409443189 3 68 1 3.3266430952930905 74 1 7.3266430952930905 75 1 17.91612117718385 
sea 2.3010299956639813 1 150 1 12.908637754717377 
walter 2.3010299956639813 1 128 1 23.133192431627503 
photos 2.3010299956639813 1 70 1 18.450813338649894 
urban 2.3010299956639813 1 58 1 10.589478081890762 
tauranga 2.3010299956639813 1 43 1 12.709215941372793 
great 1.8239087409443189 3 200 1 18.602455252479636 197 1 12.012977170588872 199 1 18.602455252479633 
sandwich 1.6989700043360187 4 8 1 16.802620252817384 10 1 24.065455239415055 11 1 11.067737192212444 12 1 8.181238116578912 
female 2.3010299956639813 1 200 1 18.602455252479636 
royal 2.3010299956639813 1 48 1 28.593433064208934 
pendant 2.3010299956639813 1 109 1 23.91119582681409 
nana 2.3010299956639813 1 185 1 7.248975308791358 
suit 2.3010299956639813 1 98 1 25.178956163781525 
brown 2.3010299956639813 1 184 1 34.547669332054916 
lions 1.8239087409443189 3 155 1 13.916121177183854 156 1 7.3266430952930905 157 1 12.621382136238472 
why 2.3010299956639813 1 6 1 18.003954982318174 
broadway 2.3010299956639813 1 28 1 7.248975308791358 
plaza 2.3010299956639813 1 97 1 21.02469675118056 
cassins 2.3010299956639813 1 174 1 22.003954982318174 
cup 1.8239087409443189 3 119 1 17.849695569717213 159 1 18.355018709492498 120 1 25.849695569717213 
attacking 2.0 2 169 1 8.438897532308646 156 1 7.3266430952930905 
harbor 2.0 2 74 1 7.3266430952930905 75 1 17.91612117718385 
n110tv 2.3010299956639813 1 49 1 32.59343306420894 
street 2.3010299956639813 1 116 1 28.287531737778234 
thailand 2.3010299956639813 1 163 1 12.908637754717377 
shuttle 1.3010299956639813 10 34 1 10.833158677961839 35 1 20.903539267746652 33 1 10.833158677961839 38 1 3.5065155826687477 39 1 7.506515582668747 36 1 3.5065155826687477 37 1 18.095993664559508 40 1 6.9874180905628 41 1 7.506515582668747 31 1 7.506515582668747 
french 2.3010299956639813 1 65 1 14.58947808189076 
yankees 2.3010299956639813 1 137 1 12.40331461494209 
homemade 2.3010299956639813 1 13 1 22.770716198469675 
chessmen 2.3010299956639813 1 87 1 10.589478081890762 
birds 2.3010299956639813 1 172 1 28.593433064208934 
pugsley 2.3010299956639813 1 56 1 32.42793147257288 
zoo 2.3010299956639813 1 158 1 11.613898713771995 
trafford 2.3010299956639813 1 123 1 32.42793147257289 
feast 2.3010299956639813 1 157 1 12.621382136238472 
pecorino 2.3010299956639813 1 4 1 33.88817210515432 
whip 2.3010299956639813 1 168 1 12.709215941372793 
chef 2.3010299956639813 1 27 1 12.543714349736739 
allens 2.3010299956639813 1 173 1 12.709215941372793 
olives 2.3010299956639813 1 4 1 33.88817210515432 
helicopter 1.4559319556497243 7 49 1 32.59343306420894 48 1 28.593433064208934 43 1 12.709215941372793 46 1 7.414476900427411 47 1 9.534214759909442 44 1 18.003954982318174 45 1 16.70921594137279 
wild 2.3010299956639813 1 164 1 19.210860218129234 
ring 2.3010299956639813 1 145 1 20.157613063508734 
monterey 2.3010299956639813 1 75 1 17.91612117718385 
heart 2.3010299956639813 1 23 1 23.133192431627503 
ou 2.3010299956639813 1 110 1 17.69805365588747 
mens 2.0 2 100 1 9.14047962834442 111 1 15.10857557399671 
borango 2.3010299956639813 1 164 1 19.210860218129234 
museum 2.3010299956639813 1 153 1 12.908637754717379 
helicopters 2.3010299956639813 1 42 1 10.589478081890762 
privada 2.3010299956639813 1 142 1 33.72267051351827 
vacation 2.3010299956639813 1 179 1 21.330598077611263 
tara 2.3010299956639813 1 167 1 18.20337679566276 
county 2.3010299956639813 1 190 1 20.157613063508734 
katie 2.3010299956639813 1 178 1 21.488954328113167 
bicylcle 2.3010299956639813 1 52 1 7.248975308791358 
redsox 2.0 2 139 1 9.81383653305133 138 1 16.40331461494209 
colony 2.3010299956639813 1 134 1 17.698053655887474 
auto 2.0 2 82 1 31.49811583660814 77 1 31.20961373077832 
delivery 2.3010299956639813 1 25 1 12.543714349736739 
small 2.3010299956639813 1 146 1 14.862874022563354 
heading 2.3010299956639813 1 64 1 17.916121177183854 
austria 2.3010299956639813 1 85 1 34.278597410341675 
shore 2.3010299956639813 1 182 1 7.414476900427411 
home 2.3010299956639813 1 192 1 21.16509648597521 
indiana 2.3010299956639813 1 77 1 31.20961373077832 
cordillerana 2.3010299956639813 1 176 1 37.06317328661767 
shawn 2.3010299956639813 1 89 1 37.06317328661767 
johnny 2.3010299956639813 1 138 1 16.40331461494209 
bored 2.3010299956639813 1 150 1 12.908637754717377 
nosy 2.3010299956639813 1 188 1 11.248975308791358 
closes 2.3010299956639813 1 194 1 16.709215941372793 
cute 2.3010299956639813 1 186 1 15.884217122836144 
space 1.3467874862246563 9 34 1 10.833158677961839 32 1 7.10857557399671 33 1 10.833158677961839 38 1 3.5065155826687477 39 1 7.506515582668747 36 1 3.5065155826687477 37 1 18.095993664559508 41 1 7.506515582668747 31 1 7.506515582668747 
chicken 1.8239087409443189 3 19 1 11.507881211872004 8 1 16.802620252817384 24 1 10.575618404084448 
zealand 2.3010299956639813 1 73 1 23.745552379595274 
veggie 2.3010299956639813 1 14 1 15.884217122836144 
39365 2.3010299956639813 1 105 1 16.40331461494209 
interisland 2.3010299956639813 1 42 1 10.589478081890762 
water 2.3010299956639813 1 199 1 18.602455252479633 
lion 1.5228787452803376 6 152 1 10.500397789405529 153 1 12.908637754717379 154 1 11.613898713771995 158 1 11.613898713771995 150 1 12.908637754717377 151 1 7.613898713771997 
scrabble 2.3010299956639813 1 109 1 23.91119582681409 
vintage 2.3010299956639813 1 50 1 7.248975308791358 
british 2.3010299956639813 1 153 1 12.908637754717379 
campthe 2.3010299956639813 1 128 1 23.133192431627503 
obp 2.3010299956639813 1 172 1 28.593433064208934 
kiplings 2.3010299956639813 1 167 1 18.20337679566276 
plane 1.8239087409443189 3 64 1 17.916121177183854 66 1 13.916121177183854 62 1 13.916121177183854 
imageloger 2.3010299956639813 1 51 1 17.838453390682123 
1950s 2.3010299956639813 1 135 1 62.76122694250513 
square 2.3010299956639813 1 91 1 11.414476900427413 
interior 2.3010299956639813 1 62 1 13.916121177183854 
uswestminster 2.3010299956639813 1 177 1 9.733636573254026 
chas 2.3010299956639813 1 59 1 45.68455542285614 
tofu 2.0 2 17 1 12.181238116578912 16 1 10.886499075633532 
vociferans 2.3010299956639813 1 174 1 22.003954982318174 
elmo 2.3010299956639813 1 27 1 12.543714349736739 
ranger 2.3010299956639813 1 45 1 16.70921594137279 
spain 2.3010299956639813 1 119 1 17.849695569717213 
military 2.0 2 64 1 17.916121177183854 65 1 14.58947808189076 
volkswagen 1.8239087409443189 3 85 1 34.278597410341675 84 1 19.121779925644002 81 1 9.099641246560154 
love 2.3010299956639813 1 23 1 23.133192431627503 
lewis 2.3010299956639813 1 87 1 10.589478081890762 
family 1.8239087409443189 3 143 1 5.280879363139068 179 1 21.330598077611263 147 1 5.280879363139068 
nelson 2.3010299956639813 1 178 1 21.488954328113167 
braylon 2.3010299956639813 1 129 1 23.133192431627503 
dakota 2.3010299956639813 1 135 1 62.76122694250513 
m3 2.3010299956639813 1 80 1 21.53001989095585 
team 2.3010299956639813 1 112 1 23.72995771023518 
gpower 2.3010299956639813 1 80 1 21.53001989095585 
league 2.0 2 135 1 62.76122694250513 121 1 16.40331461494209 
coupe 2.3010299956639813 1 117 1 28.28753173777823 
pizza 1.3979400086720377 8 23 1 23.133192431627503 25 1 12.543714349736739 24 1 10.575618404084448 27 1 12.543714349736739 26 1 7.248975308791358 29 1 12.543714349736739 28 1 7.248975308791358 30 1 7.248975308791358 
la 2.3010299956639813 1 181 1 23.298694023263554 
eastern 2.3010299956639813 1 168 1 12.709215941372793 
rainbow 2.3010299956639813 1 12 1 8.181238116578912 
manchester 2.3010299956639813 1 123 1 32.42793147257289 
st600 2.3010299956639813 1 51 1 17.838453390682123 
rabbit 1.6989700043360187 4 85 1 34.278597410341675 84 1 19.121779925644002 81 1 9.099641246560154 178 1 21.488954328113167 
hs 2.3010299956639813 1 134 1 17.698053655887474 
loss 2.3010299956639813 1 93 1 23.275812157186543 
elephant 1.5228787452803376 6 159 1 18.355018709492498 163 1 12.908637754717377 162 1 7.613898713771997 161 1 12.908637754717377 160 1 6.319159672826615 167 1 18.20337679566276 
chessmasterturneddetective 2.3010299956639813 1 89 1 37.06317328661767 
chess 1.4559319556497243 7 86 1 11.414476900427413 93 1 23.275812157186543 92 1 12.709215941372793 94 1 12.709215941372793 88 1 7.414476900427411 91 1 11.414476900427413 90 1 6.119737859482031 
indoors 2.3010299956639813 1 40 1 6.9874180905628 
damon 2.3010299956639813 1 138 1 16.40331461494209 
cheese 2.3010299956639813 1 9 1 10.589478081890762 
uova 2.3010299956639813 1 1 1 26.003954982318174 
roger 2.3010299956639813 1 83 1 23.49811583660814 
seychelles 2.3010299956639813 1 181 1 23.298694023263554 
war 2.3010299956639813 1 47 1 9.534214759909442 
father 2.3010299956639813 1 128 1 23.133192431627503 
playing 2.3010299956639813 1 60 1 15.884217122836144 
army 2.3010299956639813 1 86 1 11.414476900427413 
griffin 2.3010299956639813 1 82 1 31.49811583660814 
japan 2.3010299956639813 1 37 1 18.095993664559508 
thompsons 2.3010299956639813 1 59 1 45.68455542285614 
rabbits 2.3010299956639813 1 83 1 23.49811583660814 
ciliegino 2.3010299956639813 1 7 1 41.88817210515432 
francisco 2.3010299956639813 1 63 1 13.916121177183854 
indian 2.0 2 112 1 23.72995771023518 160 1 6.319159672826615 
nancy 2.3010299956639813 1 59 1 45.68455542285614 
rugby 2.3010299956639813 1 135 1 62.76122694250513 
print 2.3010299956639813 1 161 1 12.908637754717377 
rim 2.3010299956639813 1 55 1 7.248975308791358 
pig 1.3979400086720377 8 141 1 7.248975308791358 140 1 10.575618404084448 143 1 5.280879363139068 142 1 33.72267051351827 145 1 20.157613063508734 146 1 14.862874022563354 147 1 5.280879363139068 149 1 11.248975308791357 
balagan 2.3010299956639813 1 89 1 37.06317328661767 
wednesday 2.3010299956639813 1 183 1 23.298694023263554 
football 1.3979400086720377 8 129 1 23.133192431627503 127 1 7.248975308791358 128 1 23.133192431627503 125 1 12.543714349736739 130 1 17.83845339068212 124 1 11.248975308791358 123 1 32.42793147257289 122 1 7.248975308791358 
eating 1.8239087409443189 3 2 1 13.446380954775123 3 1 13.446380954775123 140 1 10.575618404084448 
night 2.3010299956639813 1 13 1 22.770716198469675 
hotel 2.3010299956639813 1 179 1 21.330598077611263 
navy 2.3010299956639813 1 48 1 28.593433064208934 
local 2.3010299956639813 1 103 1 15.72995771023518 
breaking 2.3010299956639813 1 199 1 18.602455252479633 
estate 2.3010299956639813 1 142 1 33.72267051351827 
aerospatiale 2.3010299956639813 1 49 1 32.59343306420894 
sts135 2.3010299956639813 1 35 1 20.903539267746652 
gmc 2.3010299956639813 1 115 1 7.10857557399671 
osaka 2.3010299956639813 1 57 1 7.248975308791358 
statues 2.3010299956639813 1 94 1 12.709215941372793 
17th 2.3010299956639813 1 187 1 15.43021342537027 
ready 2.3010299956639813 1 127 1 7.248975308791358 
metriopelia 2.3010299956639813 1 176 1 37.06317328661767 
staring 2.0 2 170 1 11.414476900427411 188 1 11.248975308791358 
baseball 1.3467874862246563 9 137 1 12.40331461494209 136 1 5.813836533051329 139 1 9.81383653305133 138 1 16.40331461494209 131 1 12.40331461494209 133 1 15.10857557399671 132 1 33.58227077872362 135 1 62.76122694250513 134 1 17.698053655887474 
arena 2.3010299956639813 1 146 1 14.862874022563354 
snow 2.3010299956639813 1 56 1 32.42793147257288 
kobe 2.3010299956639813 1 120 1 25.849695569717213 
dancer 2.3010299956639813 1 151 1 7.613898713771997 
pitbulls 2.3010299956639813 1 104 1 15.289813690575624 
ends 2.3010299956639813 1 130 1 17.83845339068212 
international 2.3010299956639813 1 187 1 15.43021342537027 
papa 2.3010299956639813 1 53 1 7.248975308791358 
patriots 2.3010299956639813 1 130 1 17.83845339068212 
vw 2.0 2 85 1 34.278597410341675 82 1 31.49811583660814 
1980 2.3010299956639813 1 84 1 19.121779925644002 
30 2.0 2 184 1 34.547669332054916 114 1 13.995074649630242 
ketchup 2.3010299956639813 1 6 1 18.003954982318174 
hanoi 2.3010299956639813 1 97 1 21.02469675118056 
coming 2.3010299956639813 1 145 1 20.157613063508734 
sts132 2.0 2 34 1 10.833158677961839 33 1 10.833158677961839 
onions 2.3010299956639813 1 4 1 33.88817210515432 
strands 2.3010299956639813 1 135 1 62.76122694250513 
f16 2.3010299956639813 1 66 1 13.916121177183854 
melanoptera 2.3010299956639813 1 176 1 37.06317328661767 
run 2.3010299956639813 1 183 1 23.298694023263554 
usa 2.3010299956639813 1 131 1 12.40331461494209 
sinking 2.3010299956639813 1 76 1 7.861335256759132 
personal 2.3010299956639813 1 75 1 17.91612117718385 
american 2.3010299956639813 1 128 1 23.133192431627503 
uss 2.3010299956639813 1 48 1 28.593433064208934 
bricks 2.3010299956639813 1 144 1 19.88421712283614 
kanchanaburi 2.3010299956639813 1 102 1 21.02469675118056 
soccer 1.3467874862246563 9 119 1 17.849695569717213 118 1 15.10857557399671 117 1 28.28753173777823 116 1 28.287531737778234 115 1 7.10857557399671 114 1 13.995074649630242 113 1 12.40331461494209 121 1 16.40331461494209 120 1 25.849695569717213 
buffalo 2.3010299956639813 1 155 1 13.916121177183854 
park 2.3010299956639813 1 193 1 26.625337118556644 
reef 2.3010299956639813 1 193 1 26.625337118556644 
weaver 2.3010299956639813 1 170 1 11.414476900427411 
chard 2.3010299956639813 1 4 1 33.88817210515432 
back 2.3010299956639813 1 145 1 20.157613063508734 
humming 2.3010299956639813 1 173 1 12.709215941372793 
uiuc 2.3010299956639813 1 144 1 19.88421712283614 
tv 2.0 2 49 1 32.59343306420894 13 1 22.770716198469675 
south 2.0 2 118 1 15.10857557399671 120 1 25.849695569717213 
choclate 2.3010299956639813 1 101 1 7.10857557399671 
berlin 2.0 2 158 1 11.613898713771995 112 1 23.72995771023518 
edwards 2.3010299956639813 1 129 1 23.133192431627503 
dog 1.4559319556497243 7 99 1 3.9335743925333593 178 1 21.488954328113167 179 1 21.330598077611263 177 1 9.733636573254026 182 1 7.414476900427411 183 1 23.298694023263554 181 1 23.298694023263554 
garden 2.3010299956639813 1 175 1 18.003954982318174 
world 1.4559319556497243 7 119 1 17.849695569717213 184 1 34.547669332054916 172 1 28.593433064208934 159 1 18.355018709492498 77 1 31.20961373077832 47 1 9.534214759909442 120 1 25.849695569717213 
salad 2.3010299956639813 1 10 1 24.065455239415055 
con 2.0 2 1 1 26.003954982318174 7 1 41.88817210515432 
burger 2.3010299956639813 1 8 1 16.802620252817384 
hall 2.3010299956639813 1 175 1 18.003954982318174 
thai 2.3010299956639813 1 48 1 28.593433064208934 
kalamata 2.3010299956639813 1 4 1 33.88817210515432 
takes 2.3010299956639813 1 179 1 21.330598077611263 
spaghetti 1.4559319556497243 7 1 1 26.003954982318174 2 1 13.446380954775123 3 1 13.446380954775123 4 1 33.88817210515432 5 1 12.709215941372793 6 1 18.003954982318174 7 1 41.88817210515432 
cars 1.6989700043360187 4 85 1 34.278597410341675 81 1 9.099641246560154 77 1 31.20961373077832 79 1 22.097359293762764 
oakland 2.3010299956639813 1 110 1 17.69805365588747 
springs 2.3010299956639813 1 164 1 19.210860218129234 
bristol 2.3010299956639813 1 104 1 15.289813690575624 
china 2.3010299956639813 1 154 1 11.613898713771995 
canada 2.3010299956639813 1 67 1 35.76843424567228 
white 1.6020599913279623 5 200 1 18.602455252479636 197 1 12.012977170588872 178 1 21.488954328113167 93 1 23.275812157186543 199 1 18.602455252479633 
jeffrey 2.3010299956639813 1 184 1 34.547669332054916 
farro 2.3010299956639813 1 7 1 41.88817210515432 
ragù 2.3010299956639813 1 5 1 12.709215941372793 
airbus 2.3010299956639813 1 67 1 35.76843424567228 
dove 2.3010299956639813 1 176 1 37.06317328661767 
boating 2.3010299956639813 1 69 1 25.17895616378152 
habitat 2.3010299956639813 1 172 1 28.593433064208934 
bell 2.3010299956639813 1 45 1 16.70921594137279 
mahouts 2.3010299956639813 1 166 1 8.621382136238472 
eggs 2.3010299956639813 1 20 1 8.181238116578912 
cabrio 2.3010299956639813 1 85 1 34.278597410341675 
hammerhead 2.3010299956639813 1 198 1 7.414476900427411 
footballer 2.3010299956639813 1 126 1 10.589478081890762 
cghkw 2.3010299956639813 1 67 1 35.76843424567228 
stainless 2.3010299956639813 1 59 1 45.68455542285614 
car 1.5228787452803376 6 84 1 19.121779925644002 169 1 8.438897532308646 80 1 21.53001989095585 83 1 23.49811583660814 82 1 31.49811583660814 78 1 21.53001989095585 
palomita 2.3010299956639813 1 176 1 37.06317328661767 
meatball 2.3010299956639813 1 9 1 10.589478081890762 
crossing 2.3010299956639813 1 141 1 7.248975308791358 
cat 1.3979400086720377 8 187 1 15.43021342537027 184 1 34.547669332054916 185 1 7.248975308791358 190 1 20.157613063508734 191 1 14.862874022563354 188 1 11.248975308791358 189 1 7.248975308791358 192 1 21.16509648597521 
model 2.0 2 98 1 25.178956163781525 37 1 18.095993664559508 
hockey 1.3467874862246563 9 112 1 23.72995771023518 110 1 17.69805365588747 111 1 15.10857557399671 108 1 7.10857557399671 109 1 23.91119582681409 106 1 7.10857557399671 107 1 12.881573725263772 104 1 15.289813690575624 105 1 16.40331461494209 
cap 2.3010299956639813 1 61 1 8.621382136238472 
feds 2.0 2 2 1 13.446380954775123 3 1 13.446380954775123 
swimming 1.3467874862246563 9 102 1 21.02469675118056 103 1 15.72995771023518 100 1 9.14047962834442 101 1 7.10857557399671 99 1 3.9335743925333593 96 1 7.10857557399671 97 1 21.02469675118056 95 1 12.40331461494209 195 1 7.10857557399671 
cats 2.3010299956639813 1 186 1 15.884217122836144 
swiss 2.3010299956639813 1 4 1 33.88817210515432 
refreshing 2.3010299956639813 1 15 1 12.181238116578912 
gt2 2.3010299956639813 1 80 1 21.53001989095585 
complete 2.3010299956639813 1 56 1 32.42793147257288 
pigs 2.0 2 144 1 19.88421712283614 148 1 14.58947808189076 
freshman 2.3010299956639813 1 134 1 17.698053655887474 
t52 2.3010299956639813 1 142 1 33.72267051351827 
ravens 2.3010299956639813 1 125 1 12.543714349736739 
motorwerke 2.3010299956639813 1 82 1 31.49811583660814 
diesel 2.3010299956639813 1 84 1 19.121779925644002 
resting 2.0 2 157 1 12.621382136238472 194 1 16.709215941372793 
ferry 2.3010299956639813 1 73 1 23.745552379595274 
0408 2.3010299956639813 1 67 1 35.76843424567228 
outdoor 2.3010299956639813 1 93 1 23.275812157186543 
40th 2.3010299956639813 1 78 1 21.53001989095585 
pro 2.3010299956639813 1 96 1 7.10857557399671 
potato 2.3010299956639813 1 10 1 24.065455239415055 
sierra 2.3010299956639813 1 171 1 12.709215941372793 
tight 2.3010299956639813 1 130 1 17.83845339068212 
blind 2.3010299956639813 1 56 1 32.42793147257288 
lodge 2.3010299956639813 1 92 1 12.709215941372793 
tyrannus 2.3010299956639813 1 174 1 22.003954982318174 
takin 2.3010299956639813 1 70 1 18.450813338649894 
house 2.3010299956639813 1 144 1 19.88421712283614 
rolls 2.3010299956639813 1 14 1 15.884217122836144 
tip 2.3010299956639813 1 193 1 26.625337118556644 
city 2.0 2 91 1 11.414476900427413 105 1 16.40331461494209 
monde 2.3010299956639813 1 117 1 28.28753173777823 
camp 2.3010299956639813 1 167 1 18.20337679566276 
nevadas 2.3010299956639813 1 171 1 12.709215941372793 
huey 2.3010299956639813 1 46 1 7.414476900427411 
a330343 2.3010299956639813 1 67 1 35.76843424567228 
airplane 1.8239087409443189 3 59 1 45.68455542285614 63 1 13.916121177183854 61 1 8.621382136238472 
gamberi 2.3010299956639813 1 7 1 41.88817210515432 
goal 2.3010299956639813 1 106 1 7.10857557399671 
bicycles 2.3010299956639813 1 58 1 10.589478081890762 
oldtrafford 2.3010299956639813 1 123 1 32.42793147257289 
san 2.3010299956639813 1 63 1 13.916121177183854 
endgames 2.3010299956639813 1 89 1 37.06317328661767 
gti 2.3010299956639813 1 82 1 31.49811583660814 
tar 2.3010299956639813 1 193 1 26.625337118556644 
mascot 2.3010299956639813 1 159 1 18.355018709492498 
jumping 2.0 2 197 1 12.012977170588872 196 1 6.119737859482031 
tiger 2.0 2 154 1 11.613898713771995 165 1 17.91612117718385 
gorge 2.3010299956639813 1 69 1 25.17895616378152 
ground 2.3010299956639813 1 176 1 37.06317328661767 
contest 2.0 2 2 1 13.446380954775123 3 1 13.446380954775123 
stumpy 2.3010299956639813 1 159 1 18.355018709492498 
cornmeal 2.3010299956639813 1 22 1 18.770716198469675 
king 2.0 2 86 1 11.414476900427413 174 1 22.003954982318174 
bike 2.3010299956639813 1 56 1 32.42793147257288 
boston 2.0 2 139 1 9.81383653305133 111 1 15.10857557399671 
judge 2.3010299956639813 1 191 1 14.862874022563354 
perreroni 2.3010299956639813 1 24 1 10.575618404084448 
zombie 2.3010299956639813 1 133 1 15.10857557399671 
rent 2.3010299956639813 1 54 1 7.248975308791358 
spin 2.3010299956639813 1 83 1 23.49811583660814 
india 2.3010299956639813 1 165 1 17.91612117718385 
tarako 2.3010299956639813 1 1 1 26.003954982318174 
barbie 2.3010299956639813 1 122 1 7.248975308791358 
atlantis 1.8239087409443189 3 34 1 10.833158677961839 35 1 20.903539267746652 33 1 10.833158677961839 
steak 1.6989700043360187 4 19 1 11.507881211872004 21 1 8.181238116578912 20 1 8.181238116578912 22 1 18.770716198469675 
heaven 2.3010299956639813 1 186 1 15.884217122836144 
versatility 2.3010299956639813 1 192 1 21.16509648597521 
friendly 2.3010299956639813 1 113 1 12.40331461494209 
tartare 2.3010299956639813 1 21 1 8.181238116578912 
bun 2.3010299956639813 1 8 1 16.802620252817384 
peperoncini 2.3010299956639813 1 7 1 41.88817210515432 
dominos 2.3010299956639813 1 25 1 12.543714349736739 
1936 2.3010299956639813 1 112 1 23.72995771023518 
waimakariri 2.3010299956639813 1 69 1 25.17895616378152 
persian 2.3010299956639813 1 189 1 7.248975308791358 
foot 2.3010299956639813 1 161 1 12.908637754717377 
show 1.5228787452803376 6 190 1 20.157613063508734 191 1 14.862874022563354 145 1 20.157613063508734 77 1 31.20961373077832 146 1 14.862874022563354 177 1 9.733636573254026 
beach 2.3010299956639813 1 181 1 23.298694023263554 
fried 2.3010299956639813 1 19 1 11.507881211872004 
pack 2.3010299956639813 1 129 1 23.133192431627503 
bicycle 1.3979400086720377 8 51 1 17.838453390682123 50 1 7.248975308791358 55 1 7.248975308791358 54 1 7.248975308791358 53 1 7.248975308791358 52 1 7.248975308791358 57 1 7.248975308791358 56 1 32.42793147257288 
hats 2.3010299956639813 1 131 1 12.40331461494209 
greensborough 2.3010299956639813 1 103 1 15.72995771023518 
gear 2.3010299956639813 1 35 1 20.903539267746652 
cold 2.3010299956639813 1 107 1 12.881573725263772 
essex 2.3010299956639813 1 48 1 28.593433064208934 
pesto 2.3010299956639813 1 26 1 7.248975308791358 
safari 2.3010299956639813 1 165 1 17.91612117718385 
drew 2.3010299956639813 1 142 1 33.72267051351827 
custom 2.0 2 77 1 31.20961373077832 56 1 32.42793147257288 
tuna 2.3010299956639813 1 10 1 24.065455239415055 
cake 2.3010299956639813 1 78 1 21.53001989095585 
liga 2.3010299956639813 1 142 1 33.72267051351827 
indianapolis 2.3010299956639813 1 77 1 31.20961373077832 
mkv 2.3010299956639813 1 82 1 31.49811583660814 
enterprise 2.0 2 39 1 7.506515582668747 41 1 7.506515582668747 
mark 2.3010299956639813 1 59 1 45.68455542285614 
samsung 2.3010299956639813 1 51 1 17.838453390682123 
digue 2.3010299956639813 1 181 1 23.298694023263554 
fly 2.3010299956639813 1 148 1 14.58947808189076 
hunting 2.3010299956639813 1 155 1 13.916121177183854 
kpix 2.3010299956639813 1 49 1 32.59343306420894 
sofitel 2.3010299956639813 1 97 1 21.02469675118056 
match 2.3010299956639813 1 137 1 12.40331461494209 
wcup 2.3010299956639813 1 118 1 15.10857557399671 
ride 2.3010299956639813 1 43 1 12.709215941372793 
postcards 2.3010299956639813 1 184 1 34.547669332054916 
fig 2.3010299956639813 1 29 1 12.543714349736739 
paper 2.3010299956639813 1 60 1 15.884217122836144 
fans 2.3010299956639813 1 119 1 17.849695569717213 
state 2.3010299956639813 2 132 2 33.58227077872362 
tauplitz 2.3010299956639813 1 85 1 34.278597410341675 
north 2.3010299956639813 1 135 1 62.76122694250513 
baked 2.3010299956639813 1 10 1 24.065455239415055 
girl 2.3010299956639813 1 108 1 7.10857557399671 
landing 2.3010299956639813 1 35 1 20.903539267746652 
pool 1.8239087409443189 3 102 1 21.02469675118056 103 1 15.72995771023518 97 1 21.02469675118056 
making 2.3010299956639813 1 13 1 22.770716198469675 
resort 2.3010299956639813 1 102 1 21.02469675118056 
wellington 2.3010299956639813 1 73 1 23.745552379595274 
felix 2.3010299956639813 1 102 1 21.02469675118056 
africa 2.0 2 118 1 15.10857557399671 120 1 25.849695569717213 
university 2.3010299956639813 1 111 1 15.10857557399671 
error 2.3010299956639813 1 79 1 22.097359293762764 
poor 2.0 2 93 1 23.275812157186543 149 1 11.248975308791357 
shark 1.4559319556497243 7 200 1 18.602455252479636 197 1 12.012977170588872 196 1 6.119737859482031 199 1 18.602455252479633 198 1 7.414476900427411 193 1 26.625337118556644 194 1 16.709215941372793 
latvia 2.3010299956639813 1 113 1 12.40331461494209 
steel 2.3010299956639813 1 59 1 45.68455542285614 
babyfoot 2.3010299956639813 1 117 1 28.28753173777823 
aggressors 2.3010299956639813 1 66 1 13.916121177183854 
sharks 2.3010299956639813 1 195 1 7.10857557399671 
river 2.3010299956639813 1 69 1 25.17895616378152 
